1222472418 748
1222472542 2574
1222472739 2595
1222472755 2648
1222472815 2648
1222696657 2733
1223054609 2753
1223141362 2753
1223141489 2712
1223141505 2722
1223553088 2745
1223577003 2745
1224203379 2759
1224203465 2793
1224203508 2813
1224975916 2828
1226089607 4472
1226089614 4554
1226280320 2884
1227555274 2917
1228080297 3016
1228345722 3031
1228345756 3048
1228345794 3101
1228351018 3104
1228540203 4564
1229285832 3105
1229666920 3135
1230000855 3137
1230067185 4549
1230067216 4548
1230442040 3141
1230446705 3141
1230587997 3141
1231549755 3396
1231553462 3412
1231737841 3534
1231806516 3603
1231988161 3672
1231993381 3754
1232078373 3775
1232078771 3777
1232078783 3777
1232078923 3777
1232078952 3777
1232078953 3777
1232078954 3777
1232078955 3777
1232079421 3777
1232079422 3777
1232079423 3777
1232079424 3777
1232079779 3777
1232079780 3777
1232079782 3777
1232079939 3777
1232079940 3777
1232079941 3777
1232079995 3774
1232080055 3774
1232080117 3534
1232080153 3534
1232080285 3534
1232081656 3534
1232165322 3562
1232165369 3562
1232210687 3595
1232244101 3595
1232248519 3595
1232305646 3595
1232306137 3595
1232306435 3595
1232306750 3593
1232306937 3601
1232307130 3601
1232313200 3601
1232313271 3610
1232313409 3634
1232313987 3635
1232314032 4297
1232314904 4297
1232315146 4297
1232321024 4308
1232325108 4321
1232325725 4321
1232327247 4338
1232330292 4339
1232416585 4623
1232416807 4490
1232416823 4490
1232416929 4489
1232417186 4489
1232417234 4488
1232419386 4499
1232419442 4499
1232425019 4503
1232426109 4512
1232462707 4512
1232462887 4512
1232463284 4512
1232463332 4512
1232464513 4512
1232464695 4512
1232466330 4512
1232466491 4512
1232470655 4511
1232553052 4529
1232562224 4534
1232585559 4546
1232588394 4546
1232595216 4544
1232645431 4544
1232659390 4544
1232772735 4543
1232934931 4533
1232936692 4533
1232937746 4533
1232939942 4533
1232942520 4533
1232994267 4534
1232994347 4534
1232994369 4263
1233006039 4262
1233028909 8250
1233033123 4271
1233033278 4284
1233075657 4317
1233075719 4315
1233076272 4331
1233079043 4342
1233079603 4342
1233079882 4400
1233079923 4400
1233080037 4400
1233080739 4406
1233088529 4408
1233337376 4408
1233346292 4408
1233348104 4408
1233348353 4409
1233348400 4409
1233350076 4411
1233350489 4412
1233501737 4411
1233526070 4444
1233526147 4445
1233526174 4445
1233526296 4445
1233527076 4471
1233527192 4471
1233527272 4471
1233527368 4472
1233527414 4472
1233527450 4472
1233533393 4589
1233533541 4589
1233533597 4590
1233536969 4611
1233537048 4612
1233538600 4625
1233538702 4626
1233540371 4663
1233540441 4664
1233540486 4667
1233540504 4670
1233541833 4670
1233894994 4670
1233895282 4675
1233895464 4675
1233895575 4675
1233895690 4675
1233895842 4677
1233895924 4677
1233981720 4676
1233981988 4679
1234149039 4679
1234149136 4678
1234149437 4663
1234149803 4671
1234209397 4759
1234209470 4760
1234209578 4760
1234229028 4760
1234229696 4760
1234230045 4760
1234230275 4760
1234230382 4760
1234230514 4760
1234231550 4760
1234234277 4759
1234235691 4760
1234235699 4814
1234235804 4814
1234235996 4814
1234236099 4814
1234236177 4818
1234238913 4819
1234326489 5029
1234326619 5030
1234372806 5031
1234374186 5031
1234374573 5042
1234374654 5042
1234374742 5042
1234447218 5043
1234447232 5042
1234558903 5066
1234571918 5066
1234572019 5067
1234572335 5067
1234572383 5067
1234572731 5067
1234572781 5067
1234572886 5067
1234573140 5068
1234573242 5068
1234573347 5068
1234573478 5070
1234573592 5070
1234573700 5071
1234573991 5071
1234574084 5071
1234574118 5071
1234574207 5071
1234574395 5071
1234574497 5073
1234574530 5073
1234574905 5076
1234667474 5168
1234667488 5169
1234717567 5171
1234717665 5169
1234719320 5171
1234719441 5172
1234719691 5173
1234835224 5186
1234835239 5250
1234835393 5251
1234835566 5251
1234835601 5251
1234929651 5253
1234929668 5253
1234976446 5256
1234976516 5256
1234976957 5256
1235004519 5258
1235006385 5258
1235006478 5258
1235006588 5258
1235006636 5258
1235007276 5267
1235007318 5267
1235007492 5267
1235008590 5268
1235010490 5268
1235010643 5268
1235010684 5268
1235010749 5268
1235159284 5268
1235159301 5355
1235159313 5355
1235159513 5358
1235159538 5358
1235163001 5359
1235166640 5362
1235167647 5366
1235167839 5366
1235167956 5366
1235236578 5369
1235240178 5371
1235360303 5469
1235593835 5475
1235594428 5483
1235596751 5520
1235597441 5522
1235597520 5522
1235597537 5522
1235597637 5518
1235597661 5518
1235762238 5567
1235786313 5567
1235786553 5571
1235795657 5567
1235834429 5590
1235834608 5590
1235834609 5590
1235834610 5590
1235834611 5590
1235834759 6001
1235849765 6006
1235870160 6010
1235876248 6010
1235876284 6010
1235919965 6010
1235920405 6010
1235920506 6003
1235920650 6003
1235930906 6013
1235931415 6013
1235931428 6013
1235931429 6013
1235931430 6013
1235931431 6013
1235931432 6013
1235931433 6013
1235956085 6013
1235956174 6220
1236011643 6220
1236367064 6221
1236689199 6274
1236689224 6285
1236689285 6286
1236742716 6335
1236784771 6335
1236784984 6335
1236785614 6336
1236785642 6337
1236785677 6337
1236785758 6337
1236785812 6339
1236785841 6340
1236954019 6343
1236954068 6343
1237045401 6367
1237073569 6655
1237073584 6655
1237073677 6655
1237073710 6655
1237073737 6655
1237073772 6655
1237073796 6655
1237073835 6655
1237073915 6655
1237073978 6655
1237074279 6655
1237074294 6655
1237074317 6658
1237074436 6658
1237074932 6663
1237224472 6663
1237225436 6664
1237397307 6676
1237418421 6677
1237954135 6677
1237954154 6677
1237954163 6784
1238021846 7026
1238021857 7026
1238261956 7026
1238361056 7026
1238380118 7026
1238382249 7023
1238382281 7023
1238382328 7023
1238382350 7023
1238382398 7023
1238382538 7023
1238382652 7020
1238382919 6989
1238383072 6991
1238383141 6991
1238383276 6991
1238383351 6991
1238383534 6991
1238461784 6991
1238609545 7046
1238610851 7048
1238610867 7049
1238610882 7048
1238610902 7077
1238631430 7077
1238632398 7082
1238633337 7077
1238675111 7077
1238791918 8336
1238792456 8369
1238812016 7077
1238874604 7077
1238900128 7078
1238959402 7079
1239150790 7080
1239243555 7420
1239243567 7443
1239243639 7444
1239243711 7444
1239244333 7451
1239244373 7450
1239244444 7448
1239281034 7450
1239313373 7453
1239313404 7629
1239481979 7658
1239482070 7659
1239482652 7659
1239482842 7659
1239482900 7659
1239482940 7659
1239483035 7659
1239588908 7587
1239591207 7604
1239591555 7484
1239591740 7483
1239592794 7445
1239593428 7445
1239593623 7445
1239593749 7445
1239593780 7445
1239593850 7445
1239594290 7445
1239594359 7445
1239594401 7445
1239670604 7452
1239670759 7499
1239670824 7500
1239671712 7500
1239676562 7532
1239676613 7492
1239676676 7492
1239806238 7497
1239806248 7502
1239808932 7502
1239849648 8378
1240103697 7502
1240103744 7506
1240104665 7519
1240194008 7709
1240194217 7709
1240194308 7713
1240194500 7714
1240194738 7714
1240195433 7714
1240195486 7714
1240195554 7714
1240195578 7714
1240196365 7720
1240235125 7720
1240235141 7720
1240236320 7732
1240240063 7739
1240240090 7739
1240242830 7739
1240251503 7740
1240258693 7741
1240258995 7744
1240276739 7778
1240602857 7782
1240603494 7788
1240603868 7791
1240604037 7791
1240604668 7790
1240604690 7793
1240604757 7793
1240604879 7790
1240628062 7947
1240628162 7945
1240629111 7945
1240715435 7945
1240767136 7942
1240767157 7942
1240767191 7942
1240767326 7940
1240767413 7940
1240769745 7944
1240769771 7944
1240769787 7945
1240769911 7945
1240781858 7953
1240781986 7953
1240782032 8018
1240880466 8074
1241049025 8075
1241049392 8075
1241146950 8074
1241147216 8075
1241147223 8071
1241280968 8083
1241290435 8087
1241290478 8087
1241294327 8087
1241296379 8087
1241299786 8093
1241300742 8107
1241300828 8105
1241301120 8112
1241301423 8111
1241301660 8106
1241301893 8095
1241302166 8089
1241305678 8089
1241306995 8089
1241307170 8089
1241314053 8089
1241314574 8089
1241316524 8089
1241316691 8089
1241317075 8130
1241318099 8130
1241356834 8128
1241357067 8127
1241357400 8129
1241384475 8129
1241399569 8131
1241399629 8132
1241399655 8132
1241405312 8132
1241575562 8132
1241575803 8133
1241576120 8139
1241576322 8140
1241824112 8254
1241827365 8378
1241827378 8378
1241827389 8378
1241827405 8378
1241827421 8378
1241827429 8378
1241827437 8378
1241827555 8378
1241827584 8378
1241832294 8388
1241832444 8388
1241832512 8388
1241832570 8388
1241832725 8389
1241832939 8466
1241832979 8469
1241880006 8469
1241880013 8469
1241880018 8472
1241880023 8472
1241880028 8468
1241901648 8467
1241901787 8464
1242048079 8465
1242135053 8466
1242147845 8470
1242185290 8470
1242185305 8470
1242845095 8479
1242860773 8481
1242860925 8482
1242932453 8489
1242999731 8491
1243201681 8580
1243201758 8581
1243204246 8581
1243205529 8580
1243299790 8588
1243460509 8592
1243460767 8592
1243474423 8591
1243475462 8591
1243558602 8711
1243558631 8712
1243559243 8712
1243559389 8711
1243559431 8711
1243559534 8711
1243559557 8711
1243559719 8711
1243559863 8711
1243559941 8711
1243560536 8711
1243560727 8713
1243560762 8713
1243560832 8713
1243560996 8713
1243562473 8714
1243562669 8714
1243565711 8718
1243567096 8718
1243567105 8718
1243567112 8718
1243567123 8718
1243567130 8718
1243567137 8718
1243567146 8718
1243567153 8718
1243567160 8718
1243569172 8717
1243629514 8745
1243713397 8748
1243713447 8749
1243824659 8785
1243824848 8793
1243824955 8793
1243908786 8793
1243913911 8799
1243950909 8803
1243964817 8805
1244052291 8805
1244053592 8805
1244053795 8805
1244053908 8805
1244053963 8805
1244054009 8805
1244054157 8805
1244054395 8805
1244081852 8807
1244081861 8809
1244081867 8811
1244081874 8813
1244258227 8861
1244259666 8861
1244340401 8947
1244340413 8947
1244340543 8947
1244340632 8947
1244340890 8947
1244340957 8947
1244340998 8948
1244341084 8948
1244341182 8948
1244342514 8964
1244346721 8990
1244346742 8990
1244347175 8992
1244480127 9135
1244480157 9136
1244490338 9136
1244490378 9137
1244490456 9137
1244490563 9139
1244490587 9139
1244490632 9140
1244490679 9141
1244490722 9143
1244490939 9151
1244490970 9151
1244494948 9151
1244495031 9151
1244495298 9151
1244495696 9151
1244495947 9151
1244496109 9151
1244496657 9151
1244496805 9151
1244496836 9153
1244497135 9158
1244497175 9159
1244497223 9159
1244497766 9161
1244497806 9161
1244497921 9161
1244498256 9163
1244498537 9169
1244509504 9169
1244567349 9169
1244567890 9176
1244602356 9193
1244602989 9213
1244603171 9213
1244603873 9217
1244604663 9225
1244605199 9225
1244605456 9226
1244651076 9232
1244668010 9232
1244668747 9232
1244668990 9233
1244669499 9235
1244827725 9238
1244827905 9239
1244828366 9239
1244828614 9239
1244828683 9240
1245159293 9240
1245161072 9241
1245174862 9241
1245175495 9244
1245175568 9244
1245175719 9244
1245176776 9272
1245431670 9274
1245431978 9283
1245432462 9285
1245432971 9291
1245438339 9292
1245438898 9293
1245460578 9303
1245508350 9292
1245774971 9337
1245802810 9336
1245871719 9340
1245937056 9346
1245950906 9347
1246046183 9352
1246465993 9352
1246466004 9352
1246466076 9354
1246763487 9352
1246763509 9352
1246935384 9354
1247371591 9354
1247371746 9357
1247411765 9401
1247416431 9462
1247446360 9534
1247746141 9778
1247746485 9778
1247747910 9785
1247748885 9781
1247748965 9781
1247750989 9782
1247751018 9782
1247929008 9786
1247979291 9797
1247980605 9798
1247989694 9801
1248145468 9833
1248145487 9833
1248145738 9835
1248333622 9841
1248344371 9855
1248348168 9877
1248426513 9884
1248543374 9940
1248551219 9945
1248676223 9953
1248676759 9954
1248742029 9954
1248742107 9954
1249105185 9954
1249219390 9954
1249435236 9951
1249449332 123148
1249449336 123400
1249449341 123447
1249449345 123447
1249449350 123483
1249449871 123489
1249450455 123495
1249450562 123495
1249450825 123497
1249451413 9988
1249464601 123514
1249640747 9986
1249641163 9990
1249641677 9989
1249811171 9988
1250081960 9989
1250082044 9995
1250114795 10031
1250114806 10031
1250114815 10036
1250115508 10035
1250116442 123515
1250159524 123516
1250305552 10035
1250307482 10036
1250321753 10037
1250322055 10042
1250330663 10030
1250330679 10069
1250331594 10069
1250411647 10069
1250489728 123522
1250489741 123523
1250688749 10069
1250688945 10069
1250689378 10069
1250689687 10066
1250690849 10066
1250734991 10066
1250735009 10088
1250735017 10088
1250735024 10089
1250735565 10089
1250739628 10090
1250948588 10099
1251043402 10077
1251043461 9561
1251043474 9561
1251043498 9476
1251043503 9363
1251043518 9363
1251185737 9364
1251185743 9364
1251185755 9368
1251276647 123578
1251285876 9445
1251547551 9448
1252129689 9454
1252179646 9456
1252197080 9457
1252680517 9465
1252920705 9467
1253028391 123643
1253029941 9481
1253114780 9483
1253291007 9483
1253906364 9483
1253907281 9485
1254081469 9510
1254082349 9510
1254152973 9526
1254153169 9528
1254153477 9536
1254156826 9537
1254162856 9537
1254166511 9536
1254169994 9536
1254170064 9536
1254170127 9536
1254170201 9536
1254318075 9540
1254318627 9542
1254319882 9543
1254320835 9552
1254326418 9562
1254326476 9562
1254328091 9572
1254480690 9575
1254480754 9576
1254481511 9579
1254481760 9584
1254509316 120515
1254509470 120517
1254672212 120518
1254877775 120517
1254877941 120517
1254878059 120568
1254901119 120678
1255727582 120679
1255727593 120679
1255727602 120735
1255737895 120759
1256923907 120761
1257027722 120870
1257027737 120874
1257125846 120949
1257125921 120950
1257126003 120950
1257127512 120989
1257127537 120992
1257179112 123562
1257179116 123600
1257185153 120993
1257196505 121257
1257196521 121260
1257290309 121260
1257290334 121260
1257347615 121260
1257347636 121261
1257347647 121267
1257347772 121298
1257349105 121308
1257477113 121320
1257698855 121320
1257791977 121391
1257791998 121391
1257792013 121397
1257792035 121441
1257792095 121442
1258564407 121451
1258564775 121451
1258564849 121453
1258567899 121451
1258568076 121451
1258568908 121451
1258569357 121451
1258645010 121468
1258770969 121530
1258845638 121534
1258916278 121543
1259000379 121690
1259000638 121690
1259001151 121698
1259003093 121704
1259003315 121704
1259003579 121705
1259003909 121712
1259004099 121713
1259004243 121713
1259004782 121718
1259004874 121719
1259005210 121722
1259349948 121730
1259349968 121730
1259349974 121743
1259432161 121747
1259607172 123625
1259607187 123623
1259714033 121780
1259768849 121780
1259769397 121789
1259848801 121791
1259849398 121795
1259892300 121795
1260029556 121795
1260125651 121796
1260247749 121799
1260247769 121799
1260374375 122061
1260374966 122063
1260505560 122064
1260505841 122066
1260506097 122071
1260506211 122076
1260506214 122081
1260506225 122088
1260563620 122099
1260563784 122100
1260564258 122103
1260587960 122132
1260597482 122132
1260597502 122132
1260597512 122132
1260597535 122130
1260597548 122130
1260827472 122270
1260827507 122274
1260840339 122278
1260841493 122244
1260848321 122250
1260849292 122270
1260849697 122268
1260987732 122269
1261098541 122270
1261099878 122277
1261099895 122277
1261099900 122277
1261099914 122277
1261100078 122277
1261149436 122278
1261188795 122287
1261333920 122288
1261335893 122289
1261335912 122289
1261336004 122289
1261336117 122293
1261336148 122293
1261336170 122293
1261336207 122293
1261339953 122291
1261340110 122291
1261340162 122291
1261340427 122291
1261340459 122291
1261341323 122294
1261341514 122295
1261341777 122285
1261341888 122285
1261341971 122287
1261356331 122287
1261356417 122287
1261356428 122300
1261356441 122300
1261356483 122300
1261356524 122300
1261356570 122300
1261357056 122295
1261357081 122295
1261357231 122295
1261357234 122293
1261357296 122294
1261357379 122294
1261357491 122298
1261357513 122298
1261357534 122298
1261357563 122298
1261357577 122298
1261357602 122298
1261357773 122298
1261438596 122298
1261438794 122301
1261441972 122309
1261498567 122340
1261498599 122411
1261581878 122479
1261621785 123622
1261621800 123628
1261621808 123634
1261621821 123635
1261621830 123635
1261777012 122480
1261777187 122486
1261777520 122494
1261777738 122494
1261870664 122509
1262095837 122518
1262213496 123636
1262213509 123644
1262213525 123640
1262213541 123640
1262213557 123655
1262213625 123664
1262472764 122518
1262472963 122550
1262473076 122556
1262473213 122589
1262554226 123725
1262554249 123726
1262568159 122589
1262571192 122588
1262571357 122588
1262636071 122588
1262647077 123729
1262647084 123730
1262647130 123730
1262647163 123730
1262647167 123730
1262710579 123742
1262710609 123744
1262710621 123744
1262710627 123745
1262710654 122655
1262715590 122656
1262715765 122657
1262715897 122657
1262799544 122657
1262799556 122657
1262799559 122657
1262801871 122672
1262805073 122701
1262806878 122748
1262807334 122771
1262807367 122771
1262807434 122771
1262807488 122772
1262807589 122773
1262807714 122775
1262807766 122775
1262886932 122778
1262887815 122778
1262892056 122798
1262892267 122798
1262892353 122798
1262892535 122798
1262892587 122798
1262917165 122797
1262917285 122796
1263002476 122932
1263002503 122959
1263002525 122959
1263002532 122960
1263002687 122960
1263002932 123001
1263003027 123001
1263003049 123001
1263014200 123126
1263063972 123126
1263068507 123126
1263069601 123130
1263069685 123130
1263069737 123131
1263072572 123157
1263337879 123745
1263337890 123748
1263337902 123754
1263341567 123155
1263341575 123154
1263341587 123155
1263341731 123155
1263695697 123155
1263696283 123171
1263696745 123175
1263697159 123174
1263698571 123176
1263745314 123176
1264011832 123987
1264011845 123989
1264300003 123199
1264300063 123255
1264438351 123261
1264443091 123274
1264443106 123297
1264450726 123994
1264450731 123997
1264892385 123296
1264892399 123300
1264892409 123457
1265219257 123456
1265219277 123460
1265219329 123473
1265219341 123493
1265219376 123521
1265219412 123530
1265219449 123548
1265224173 123549
1265232751 123549
1265233222 123549
1265233813 123547
1265233867 123547
1265233971 123547
1265234136 123547
1265234387 123547
1265234674 123547
1265234872 123549
1265235086 123549
1265235579 123549
1265235651 123578
1265235796 123580
1265235898 123578
1265411646 123579
1265425102 123580
1265425176 123580
1265425508 123580
1266002250 123576
1266002265 123578
1266180883 123601
1266285091 123601
1266630554 123600
1266630911 123600
1266630919 123605
1266630939 123605
1266631057 123604
1266641099 123915
1266704606 123917
1266704622 123897
1266761134 124098
1266761159 124097
1266761170 124104
1266761178 124105
1266761189 124105
1267025550 123898
1267039913 123964
1267040425 123968
1267045929 123967
1267046142 123970
1267108788 123970
1267108826 123971
1267109119 123971
1267159869 123971
1267234073 124025
1267296709 124024
1267305045 124025
1267467068 124031
1267724601 124104
1267724607 124103
1267724613 124094
1267724624 124094
1267724632 124095
1267808165 124042
1267929189 124043
1267929204 124043
1267929212 124680
1267929231 124682
1267929250 124682
1268083753 124677
1268085561 124675
1268086769 124673
1268087047 124672
1268087340 124671
1268088247 124667
1268088649 124662
1268091657 124661
1268092007 124659
1268093031 124656
1268095896 124649
1268096035 124643
1268096764 124641
1268097631 124636
1268097907 124634
1268098495 124629
1268099026 124626
1268099199 124624
1268099509 124621
1268100367 124616
1268170224 124584
1268319629 124584
1268435266 124600
1268496648 124608
1268496980 124101
1268497090 124101
1268602241 124148
1268665905 124162
1269380902 124685
1269883406 124688
1269883415 124694
1270263606 124698
1270264037 124702
1270334509 124319
1270334537 124322
1270775938 124700
1270781750 108100
1270827753 108097
1270828660 108092
1270830840 108088
1270906894 108089
1272045933 108098
1272294856 108099
1272335283 124420
1272335303 124418
1272335311 124418
1272335395 124440
1272335434 124450
1272335456 124458
1272335474 124478
1272335492 124490
1272335508 124500
1272335528 124520
1272401402 108122
1272417334 108124
1272422918 108126
1272423242 108129
1272499229 108131
1272643852 108133
1272732356 108135
1272853011 108135
1273006402 108137
1273007081 108137
1273008740 108141
1273009116 108140
1273267136 108137
1273267180 108137
1273929347 108135
1274115926 108142
1274464532 108143
1275099108 124533
1275099115 124535
1275099125 124549
1275099143 108144
1275099159 108178
1275099174 108238
1275245677 108243
1275257756 108244
1275257964 108245
1275520027 124563
1275531434 108250
1275591022 108251
1275690195 124592
1275863775 108255
1275929560 108287
1275929742 108314
1275965308 108412
1276009934 108416
1276098810 108420
1276108185 108420
1276108232 108421
1276368607 124623
1276545843 108437
1276564658 108437
1276564693 108437
1276564716 108437
1276569216 108536
1276569349 108536
1276569380 108536
1276715405 108540
1276735561 108542
1276746681 108542
1277070145 108543
1277070300 108545
1277070469 108551
1277071638 108551
1277071939 108553
1277080906 108553
1277156382 108553
1277240527 108591
1277242758 108597
1277310332 108616
1277317771 108630
1279005827 124634
1279006982 108638
1279007156 108638
1279457071 108639
1279457245 108648
1280332770 120529
1280765337 124633
1280831221 124634
1280831230 124634
1280997207 120529
1281071661 120537
1281500239 120537
1281865790 120539
1281875254 122195
1281875997 122203
1281876020 122203
1281876100 122209
1281876148 122209
1281876850 122209
1281876854 122209
1281877243 122209
1281877590 122222
1281878213 122224
1281879173 122224
1281879274 122224
1281880138 122224
1281892549 122311
1281937647 122311
1281937931 122320
1281938364 122324
1282029645 122324
1282031584 122324
1282031657 122324
1282031790 122324
1282031881 122324
1282032355 122324
1282042520 122324
1282042733 122324
1282116551 122323
1282117452 122323
1282289468 122332
1282292419 124630
1282292425 124629
1282292433 124628
1282292442 124627
1282487040 122339
1282714498 122342
1282714688 122344
1282715455 122349
1282722936 122350
1282888124 122350
1282888696 122366
1283019113 122385
1283075437 122383
1283075693 122385
1283075744 122385
1283077806 122389
1283079707 122391
1283079800 122395
1283144263 122396
1283326655 122406
1283326669 122466
1283326698 122632
1283331016 122636
1283334646 124657
1283334676 124665
1283334694 124671
1283350697 122639
1283362733 124673
1283501261 122737
1283501295 122640
1283501301 122640
1283502039 122635
1283502170 122631
1283702824 122631
1283702836 122631
1283965359 122631
1283966381 122635
1283966397 122635
1284045834 122635
1284051545 124673
1284238271 122639
1284240612 122640
1284242567 122642
1284246943 122648
1284247488 122649
1284248078 122650
1284251756 122672
1284251953 122676
1284256390 122679
1284256859 122682
1284297258 122692
1284551039 122698
1284571192 122767
1284583807 122782
1284834975 122784
1284840596 122806
1285167359 122807
1285167840 122813
1285168421 122815
1285168496 122812
1285168565 122814
1285168695 122818
1285292927 122819
1285688789 122836
1285689766 122841
1285708793 122842
1285870010 124701
1285872161 122867
1285880114 122867
1285880300 122867
1285880458 122867
1285880464 122867
1285880560 122867
1285881930 122868
1285890943 124702
1285890948 124705
1285940682 124705
1285940687 124705
1285940724 124705
1285940727 124705
1285940732 125062
1285942300 125705
1285942389 125705
1285942396 125705
1285942401 125705
1285942405 125705
1285942410 125705
1285942414 125705
1285942418 125705
1285942436 125705
1285942449 125705
1285942462 125705
1285944325 125084
1285944419 125086
1285953448 125209
1285953465 125169
1285953510 125169
1285953529 125215
1285953590 125229
1285953602 125235
1285953622 125706
1285962446 125707
1285962707 125707
1285964926 125707
1285965162 125707
1285966653 125707
1285967158 125707
1285967301 125707
1285967905 125707
1285968225 125706
1285968469 125704
1285969563 125705
1285986187 125716
1286034595 125714
1286037784 125716
1286041262 125717
1286050737 125717
1286050852 125717
1286051143 125717
1286065024 125717
1286065221 125717
1286065648 125717
1286065925 125719
1286067045 125719
1286067710 125721
1286067834 125721
1286067860 125721
1286068420 125721
1286071582 125721
1286071635 125721
1286071663 125721
1286071724 125721
1286071750 125721
1286072078 125721
1286072466 125721
1286072507 125721
1286072575 125721
1286072702 125721
1286072733 125721
1286072796 125721
1286072846 125721
1286072884 125721
1286072923 125721
1286073069 125721
1286073156 125721
1286074120 125711
1286114757 125712
1286114767 125712
1286118224 125712
1286119625 125715
1286119696 125715
1286119974 125716
1286120873 125718
1286121297 125718
1286121586 125718
1286121683 125718
1286121851 125718
1286122013 125718
1286122072 125718
1286122150 125718
1286122455 125721
1286122655 125721
1286123078 125721
1286125127 125721
1286125309 125721
1286129028 125722
1286130156 125732
1286130204 125732
1286149514 125733
1286149522 125737
1286155919 125737
1286156109 125737
1286158812 125735
1286210882 125736
1286287102 125736
1286287115 125738
1286287135 125757
1286287172 125759
1286287187 125765
1286287704 125767
1286287715 125767
1286288760 125766
1286288770 125766
1286288780 125769
1286299920 125773
1286299980 125774
1286303720 125774
1286303950 125775
1286304434 125776
1286305252 125779
1286305790 125790
1286306635 125803
1286307273 125813
1286319694 125815
1286323354 125815
1286381039 125814
1286381044 125814
1286386506 125820
1286386518 125820
1286390182 125821
1286391676 125822
1286391684 125822
1286479882 125826
1286563774 125827
1286574105 125827
1286574295 125831
1286575359 125836
1286575430 125836
1286585868 125836
1286586140 125837
1286666271 125831
1286666596 125835
1286669537 125835
1286732056 129452
1286749438 129528
1286751075 129532
1286751093 129533
1286842441 129530
1286843064 129482
1286843306 129482
1286843874 129447
1286845031 129455
1286845095 129440
1286845248 129442
1286893494 129442
1286896517 129442
1286897471 129453
1286898510 129460
1286898752 129460
1286898841 129460
1286899787 129460
1286899861 129462
1286900033 129462
1286900141 129462
1286900232 129462
1286900430 129462
1286900508 129462
1286900532 129462
1286900782 129463
1286901760 129467
1286911291 129467
1286911305 129594
1286911382 129595
1286913769 129593
1286913798 129593
1286914615 129596
1286914636 129596
1286914779 129596
1286914784 129596
1286920635 129600
1286930731 129601
1286931382 129610
1286931464 129610
1286979598 129611
1286980598 129611
1286981024 129611
1287001533 129662
1287024581 129666
1287024623 129666
1287081993 129670
1287082495 129686
1287083328 129686
1287084097 129688
1287084208 129688
1287085567 129688
1287090017 129688
1287109671 129690
1287267223 129691
1287321175 129695
1287362383 129986
1287409302 130149
1287436180 130363
1287437522 130366
1287444366 130366
1287444392 130366
1287444736 130366
1287445206 130366
1287445213 130366
1287445242 130366
1287445274 130370
1287447129 130375
1287448110 130381
1287449474 130381
1287449480 130381
1287449486 130381
1287497225 130381
1287497546 130382
1287497558 130382
1287497699 130384
1287511989 130385
1287512002 130387
1287512293 130387
1287514079 130387
1287514728 130387
1287515008 130395
1287515514 130398
1287515574 130398
1287516404 130398
1287525042 130398
1287525117 130398
1287525256 130398
1287525773 130398
1287525818 130397
1287526005 130395
1287528377 130395
1287528910 130398
1287528933 130397
1287528946 130397
1287530625 130399
1287586274 130398
1287587830 130399
1287790265 130399
1287958778 130421
1287962686 130425
1287962696 130425
1288047752 130425
1288056120 130425
1288063236 130441
1288146418 130449
1288146774 130449
1288146922 130449
1288146983 130449
1288197358 130449
1288197421 130449
1288197717 130445
1288198092 130451
1288198738 130451
1288199088 130451
1288202802 130451
1288205307 130454
1288206896 130457
1288207651 130457
1288207838 130459
1288317609 130459
1288377140 130459
1288393246 130463
1288472865 130463
1288479252 130463
1288536887 130461
1288618007 130463
1288817427 132366
1288817633 132366
1288817746 132363
1288818102 132362
1288818399 132447
1288818462 132447
1288818628 132447
1288818833 132449
1288834443 132449
1288834484 132447
1288884800 132449
1288884812 132445
1288885260 132445
1288885671 132442
1288886942 132443
1288886972 22614
1288886985 22614
1288887502 22620
1288891320 22623
1288891704 22624
1288891828 22624
1288891847 22624
1288891998 22614
1288892107 22614
1288892255 22608
1288892265 22608
1288892847 22608
1288901228 22282
1288905738 22285
1288905816 22306
1288908122 22306
1288915076 22306
1288979675 22431
1288988195 22461
1288989287 22465
1288989301 22467
1288989309 22476
1288989361 22476
1288989894 22478
1289001829 22478
1289006840 22488
1289006855 22524
1289006870 22528
1289006892 22526
1289006954 22481
1289006980 22455
1289009657 22593
1289010090 22593
1289079241 22603
1289080216 22608
1289081009 22614
1289092502 22615
1289092523 22615
1289333442 22615
1289333531 22615
1289334624 22615
1289334669 22615
1289334753 22615
1289334897 22615
1289334967 22615
1289335526 22615
1289335648 22615
1289336354 22621
1289336858 22620
1289341163 22622
1289342633 22622
1289342663 22622
1289342747 22622
1289342848 22622
1289342910 22623
1289342947 22623
1289344137 22621
1289344224 22621
1289344245 22620
1289344522 22615
1289344690 22615
1289344737 22615
1289344765 22613
1289344853 22613
1289345068 22613
1289413293 22613
1289414737 22613
1289414747 22613
1289418306 22614
1289420785 22614
1289420828 22614
1289420852 22634
1289421209 22634
1289421468 22634
1289441953 22641
1289442160 22641
1289447892 22772
1289448782 22740
1289449290 22740
1289449311 22744
1289503471 22746
1289536395 22745
1289536412 22744
1289590342 22748
1289590529 22749
1289592146 22748
1289593257 22748
1289616641 22747
1289616802 22747
1289616809 22753
1289628784 22778
1289679500 22780
1289703755 22778
1289714195 22779
1289714203 22781
1289716803 22788
1289771185 22791
1289863568 22791
1289863934 22792
1289866322 22793
1289941735 22796
1289942548 22797
1289942715 22801
1289943306 22801
1289971703 22802
1290020622 22808
1290120337 22807
1290282517 22808
1290295574 22809
1290296060 22809
1290296352 22815
1290539985 22815
1290540159 22816
1290541594 22814
1290623856 22815
1290624017 22816
1290649444 22815
1290800763 22815
1290806233 22815
1290806245 22817
1290811415 22819
1290821988 22829
1290822680 22848
1290898922 22857
1290979343 22858
1290991674 22858
1290998485 22859
1291051235 22862
1291060308 22862
1291138879 22862
1291148093 22874
1291155315 22877
1291172575 22878
1291176128 22897
1291232848 22896
1291233857 22897
1291264557 22896
1291349701 22896
1291349773 22895
1291350172 22895
1291350245 22895
1291404633 22900
1291406523 22901
1291490876 22901
1291495861 22910
1291495890 22911
1291495920 22924
1291497392 22930
1291575644 22932
1291597979 22941
1291599385 22940
1291768865 22939
1291769051 22943
1291781842 22947
1291781854 23003
1291781917 23001
1291854891 23001
1291865732 23001
1291867528 23011
1291867723 23020
1291920721 23020
1291920788 23019
1291929940 23020
1291930677 23021
1291932947 23021
1291933556 23023
1291936708 23030
1291936765 23057
1291958798 23057
1292020653 23057
1292022720 23058
1292040004 23057
1292040020 23101
1292092292 23108
1292093928 23112
1292106881 23112
1292183529 23112
1292193818 23116
1292280377 23116
1292281114 23118
1292284759 23117
1292302416 23117
1292307295 23081
1292307583 23081
1292363345 23081
1292366987 23103
1292367228 23137
1292367287 23138
1292367305 23138
1292367331 23138
1292372543 23145
1292372557 23149
1292372955 23153
1292374884 23154
1292374895 23155
1292380016 23156
1292448531 23157
1292453543 23158
1292455068 23166
1292463575 23166
1292463675 23177
1292463907 23177
1292465818 23183
1292465826 23191
1292465859 23191
1292465869 23180
1292465891 23178
1292466053 23178
1292466505 23178
1292468596 23179
1292468620 23217
1292468623 23219
1292530571 23229
1292532098 23231
1292544462 23235
1292559215 23235
1292811267 23237
1292879517 23238
1292879532 23238
1292879540 23239
1292879556 23240
1292896725 23242
1292911040 23269
1292974470 23270
1292975981 23277
1292976022 23278
1292988848 23278
1293057106 23288
1293057120 23289
1293062239 23290
1293065175 23290
1293120341 23291
1293130856 23292
1293137105 23334
1293147028 23343
1293147037 23345
1293147043 23355
1293149699 23368
1293159081 23380
1293159285 23384
1293159357 23385
1293159536 23385
1293159837 23389
1293209971 23393
1293212096 23393
1293212153 23393
1293212345 23394
1293214048 23403
1293214488 23404
1293219354 23411
1293219434 23412
1293291277 23412
1293294066 23408
1293294537 23409
1293294961 23410
1293322980 23410
1293327015 23416
1293328921 23413
1293332793 23413
1293332857 23413
1293390649 23412
1293479950 23901
1293481457 23901
1293485109 23903
1293488955 23906
1293498631 23948
1293498862 23948
1293555027 23966
1293556045 23982
1293556710 24016
1293558204 24058
1293559156 24077
1293559253 24097
1293561228 24103
1293562036 24123
1293563174 24153
1293564627 24154
1293593237 24160
1293594200 24178
1293595224 24196
1293634908 24208
1293634919 24212
1293637273 24232
1293639057 24242
1293645550 24242
1293646358 24242
1293646539 24242
1293646649 24242
1293646916 24246
1293647312 24260
1293650330 24270
1293650801 24281
1293650909 24285
1293651855 24319
1293652147 24329
1293652717 24347
1293654521 24375
1293655190 24395
1293656393 24405
1293657011 24406
1293657362 24420
1293658257 24420
1293658999 24420
1293660826 24420
1293662143 24420
1293662497 24425
1293666334 24425
1293668102 24425
1293669125 24425
1293670116 24425
1293671333 24425
1293675800 24425
1293676084 24425
1293677918 24523
1293718981 24525
1293727033 24614
1293748555 24754
1293748565 24760
1293748931 24772
1293749572 24786
1293750191 24804
1293750398 24808
1293751264 24824
1293751774 24834
1293752389 24846
1293753155 24872
1293757527 24912
1293758108 24932
1293759461 24974
1293760128 24998
1293760327 25006
1293760697 25022
1293761388 25046
1293762416 25082
1293762612 25082
1293763012 25088
1293763808 25112
1293764756 25140
1293765188 25150
1293766347 25176
1293766712 25184
1293767695 25206
1293767976 25212
1293768700 25212
1293769711 25212
1293770618 25212
1293814711 25212
1293819033 25212
1293821086 25218
1293822027 25220
1293824609 25228
1293826335 25228
1293829221 25228
1293830641 25228
1293834091 25228
1293835301 25228
1293845623 25463
1293847929 25467
1293848752 25467
1293848763 25467
1293848920 25467
1293850580 25467
1293851115 25467
1293895493 25467
1293903044 25469
1293912270 25459
1293916402 25458
1293916410 25464
1293926179 25463
1293927355 25481
1293927484 25479
1293927923 25482
1293981023 25486
1293981085 25487
1293992585 25487
1293997791 25488
1294009959 25492
1294011385 25516
1294011786 25546
1294012242 25546
1294077498 25552
1294106490 25551
1294106518 25557
1294165515 25559
1294169058 25561
1294183192 25565
1294183393 25568
1294191862 25600
1294246348 25599
1294246499 25601
1294329560 25602
1294334040 25608
1294334992 25611
1294336144 25612
1294336484 25612
1294343177 25613
1294417425 25613
1294425896 25619
1294425905 25622
1294428885 25627
1294429977 25628
1294430840 25633
1294437494 25632
1294437796 25632
1294438132 25641
1294438387 25647
1294438470 25648
1294438765 25648
1294439614 25664
1294439723 25664
1294439806 25661
1294439942 25661
1294441935 25680
1294454706 25681
1294499162 25682
1294510065 25686
1294512921 25696
1294515050 25701
1294515250 25700
1294589439 25700
1294603313 25701
1294605533 25701
1294605756 25701
1294606255 25706
1294606911 25710
1294607190 25709
1294612494 25709
1294628672 25709
1294629865 25709
1294630764 25709
1294688964 25709
1294690346 25709
1294693541 25709
1294693561 25709
1294693577 25709
1294694810 25714
1294800110 25732
1294862014 25732
1294862065 25748
1294868625 25750
1294974804 25749
1295040885 25751
1295048175 25751
1295049006 25751
1295049102 25751
1295054455 25751
1295054891 25751
1295055418 25751
1295063109 25733
1295063124 25845
1295063137 25847
1295102174 25847
1295102971 25847
1295102993 25847
1295103687 25847
1295113264 25851
1295115897 25855
1295118327 25855
1295118473 25855
1295124908 25858
1295127373 25853
1295130134 25854
1295130283 25858
1295130391 25858
1295130483 25859
1295131420 25859
1295133878 25863
1295133956 25857
1295134051 25857
1295144719 25856
1295144837 25855
1295144935 25854
1295145008 25854
1295145092 25854
1295191393 25866
1295195795 25868
1295213493 25868
1295213508 25890
1295225765 25945
1295230613 25945
1295285769 25945
1295290900 25962
1295377112 25962
1295392415 25962
1295448783 25963
1295457428 25964
1295492758 25965
1295542048 25965
1295542260 25965
1295542457 25965
1295543646 25967
1295546190 25969
1295553326 25988
1295561848 25988
1295570979 25994
1295572289 25995
1295572309 26162
1295572368 26169
1295572708 26191
1295573845 26230
1295579668 26230
1295623867 26238
1295623933 26248
1295628763 26252
1295629277 26257
1295631520 26265
1295638767 26263
1295639386 26275
1295644879 26275
1295644997 26274
1295645506 26272
1295646057 26200
1295646065 26270
1295646094 26270
1295658003 26271
1295663115 26271
1295663338 26271
1295663622 26282
1295664427 26278
1295665153 26280
1295671104 26280
1295707837 26300
1295707854 26280
1295708385 26280
1295714490 26282
1295837706 26453
1295895944 26459
1295919373 26473
1295965897 26474
1295966070 26475
1295979777 26480
1295981039 26482
1295983123 26485
1295983343 26485
1295984374 26498
1295984951 26498
1296164762 26509
1296165409 26523
1296165642 26523
1296167701 26531
1296178158 26531
1296180108 26531
1296180471 26534
1296228617 26534
1296244550 26538
1296244691 26545
1296245174 26553
1296266919 26524
1296269577 26524
1296308692 26525
1296315423 26525
1296319018 26525
1296319917 26531
1296328371 26536
1296488073 26536
1296573272 26536
1296573315 26536
1296573347 26536
1296673368 26533
1296701740 26538
1296782726 26541
1296784416 26547
1296784834 26551
1296837126 26554
1296859239 26555
1296867863 26573
1296867881 26575
1296935506 26575
1296936494 26591
1296936862 26602
1296962284 26606
1296963491 26606
1296963905 26641
1296965448 26643
1296965526 26644
1296966104 26648
1296966998 26662
1296967494 26664
1297012706 26665
1297017925 26679
1297019893 26687
1297023715 26688
1297041729 26688
1297041741 26720
1297046798 26867
1297048613 26867
1297052561 26879
1297100193 26879
1297104724 26898
1297105896 26898
1297106478 26902
1297107116 26816
1297107803 26823
1297140361 27050
1297176785 27050
1297176821 27052
1297193624 27339
1297193702 27266
1297204600 27266
1297219503 27288
1297219603 27288
1297224876 27284
1297270399 27285
1297270879 27285
1297271979 27285
1297272081 27286
1297272500 27286
1297272952 27294
1297272966 27307
1297277891 27307
1297283672 27330
1297285396 27330
1297285412 27330
1297295981 27330
1297299569 27330
1297301151 27339
1297313023 27341
1297313035 27352
1297313131 27313
1297351785 27314
1297352394 27318
1297352396 27321
1297352540 27321
1297352666 27321
1297375116 27324
1297375154 27409
1297375196 27411
1297375230 27411
1297375254 27411
1297375544 27416
1297377760 28355
1297436435 28355
1297436726 28801
1297436879 29313
1297437775 29315
1297455257 29315
1297456076 29327
1297469719 29330
1297469763 29332
1297469778 29336
1297469807 29399
1297469826 29403
1297471400 29403
1297475998 29406
1297476044 29406
1297480811 29406
1297480826 29428
1297482525 29433
1297484017 29433
1297484908 29433
1297485071 29434
1297485449 29439
1297486124 29362
1297486160 29362
1297486173 29362
1297486542 29363
1297486565 29363
1297486615 29327
1297486760 29333
1297486780 29326
1297486839 29326
1297486844 29326
1297486852 29326
1297486858 29326
1297486865 29326
1297486874 29326
1297486879 29326
1297486885 29326
1297486892 29326
1297486902 29326
1297528730 29327
1297528778 29326
1297536218 29326
1297695356 29326
1297695427 29326
1297695480 29326
1297695624 29326
1297696582 29326
1297784568 29353
1297786574 29323
1297787709 29325
1297894526 29351
1297895201 29350
1297895376 29351
1297903000 29351
1297903902 29352
1297923463 29352
1297924906 29366
1297925742 29372
1297928509 29372
1297932347 29394
1297963718 29402
1297963734 29480
1297964668 29480
1297966551 29480
1297978235 29486
1298048866 29486
1298048900 29498
1298048921 29498
1298048935 29568
1298048988 29534
1298053045 29534
1298054793 29601
1298056021 29601
1298056032 29601
1298100250 29601
1298101631 29601
1298106978 29620
1298107043 29623
1298257103 29634
1298258233 29656
1298331486 29656
1298444187 29597
1298444609 29613
1298446318 29602
1298498223 29602
1298498246 29595
1298498333 29596
1298498455 29597
1298500551 29597
1298500694 29597
1298500928 29627
1298500945 29627
1298510667 29627
1298593694 29629
1298607539 29629
1298607602 29703
1298618555 29791
1298619092 29791
1298661501 29791
1298796501 29793
1298798379 29793
1298798556 29793
1298844512 29793
1298847084 29793
1298847127 29793
1298847924 29793
1298850958 29903
1298851092 29820
1298851098 29903
1298852011 29915
1298855213 29915
1298858679 29916
1298860816 29920
1298862900 29926
1298864397 29926
1298866697 29931
1298917511 29970
1298919593 29970
1298919643 29970
1298920457 29970
1298921300 29986
1298921450 29986
1298921543 29990
1298921689 29990
1298924647 29990
1298928795 29990
1298929602 29999
1298934102 30003
1298934773 30003
1299094704 30004
1299100331 30012
1299103282 30012
1299103540 30012
1299103594 30012
1299103872 30012
1299104112 29992
1299104176 29992
1299104343 29992
1299104499 29992
1299104580 29992
1299105241 29994
1299173436 30003
1299181588 30005
1299184318 30009
1299185285 30011
1299186600 30011
1299186900 30017
1299187059 30017
1299189611 30379
1299189696 30473
1299190472 30478
1299200180 30548
1299200831 30558
1299210102 30560
1299212490 30578
1299260387 30578
1299261680 30583
1299261706 30583
1299262019 30586
1299282941 30627
1299291332 30637
1299293432 30639
1299294565 30649
1299348921 30653
1299349370 30653
1299349718 30653
1299350173 30655
1299350475 30656
1299368679 30657
1299451104 30677
1299453033 30692
1299454119 30694
1299457557 30696
1299460123 30704
1299603288 30704
1299683006 30705
1299685631 30713
1299685736 30715
1299712038 30716
1299712065 30717
1299776693 30718
1299776788 30717
1299796394 30832
1299796516 30931
1299797605 30942
1299800106 30990
1299800475 30998
1299801669 31002
1299801877 31004
1299804448 31007
1299804803 31012
1299804811 31014
1299805354 31015
1299810668 31015
1299816200 31019
1299816638 31053
1299818756 31055
1299860365 31055
1299877128 31059
1299877297 31060
1299888460 31060
1299888525 31060
1299953876 31066
1300041651 31067
1300124253 31069
1300206625 31069
1300210341 31069
1300223307 31069
1300298799 31070
1300300146 31073
1300300401 31068
1300301654 31090
1300302786 31098
1300302801 31117
1300304087 31118
1300329173 31118
1300392479 31124
1300418553 31128
1300419410 31130
1300463541 31130
1300466043 31130
1300474337 31131
1300483484 31178
1300486299 31197
1300488473 31207
1300498400 31232
1300502122 31236
1300502580 31240
1300502778 31240
1300502937 31273
1300505980 31273
1300553644 31274
1300555586 31275
1300556699 31281
1300557077 31284
1300557439 31285
1300558770 31317
1300559352 31321
1300559438 31323
1300578382 31324
1300591036 31670
1300591038 31671
1300638919 31761
1300651074 31761
1300654387 31769
1300661207 31770
1300668485 31823
1300729273 31823
1300729535 31827
1300746715 31853
1300805872 31854
1300808927 31854
1300834191 31873
1300850814 31874
1300889204 31875
1300889446 31887
1300889670 31887
1300894826 31887
1300895168 31901
1300896269 31901
1300896325 31901
1300897894 31901
1300900809 31907
1300911104 31907
1300911188 31907
1300913608 31911
1300937781 31925
1300938824 31933
1300982654 31933
1301088474 31933
1301148435 31935
1301162142 31935
1301163820 31935
1301163895 31936
1301166438 31937
1301167041 31943
1301168127 31961
1301168612 31962
1301170008 32275
1301184091 32276
1301189637 32280
1301194028 32288
1301236463 32278
1301236478 32294
1301250596 32298
1301252544 32293
1301254276 32301
1301261210 32301
1301263723 32306
1301267313 32312
1301267527 32312
1301267656 32312
1301269157 32312
1301274487 32323
1301277487 32326
1301325880 32326
1301326044 32327
1301326299 32326
1301356216 32328
1301357098 32371
1301357471 32401
1301357933 32401
1301360206 32401
1301407305 32401
1301430021 32404
1301430780 32406
1301430788 32405
1301435631 32405
1301447105 32405
1301452897 32405
1301454986 32405
1301492758 32405
1301501303 32414
1301501503 32415
1301507919 32427
1301507923 32416
1301584289 32420
1301698499 32425
1301699124 32430
1301701591 32440
1301715151 32441
1301764816 32441
1301767560 32441
1301777375 32443
1301777386 32446
1301868208 32445
1301868232 32446
1301931662 32446
1301936400 32447
1302021048 32450
1302021192 32450
1302034403 32462
1302034423 32450
1302037859 32450
1302039747 32453
1302041132 32465
1302104431 32466
1302106184 32466
1302106329 32442
1302110115 32444
1302110374 32444
1302110598 32444
1302113519 32445
1302120837 32620
1302188220 32626
1302193721 32633
1302193895 32632
1302193963 32638
1302195330 32677
1302195815 32677
1302196139 32677
1302198653 32680
1302202943 32683
1302203597 32701
1302230206 32702
1302231548 32706
1302234014 32707
1302234726 32726
1302236078 32726
1302272860 32724
1302275017 32726
1302280949 32730
1302283215 32746
1302291985 32810
1302292005 32814
1302292019 32827
1302292032 33040
1302292256 33040
1302293276 33040
1302293616 33040
1302298487 33040
1302298827 33040
1302299763 33042
1302300764 33037
1302301941 33037
1302310279 33025
1302365975 33025
1302367030 33028
1302368441 33034
1302382921 33034
1302383508 33074
1302389114 33077
1302397887 33077
1302398559 33088
1302451076 33093
1302465074 33093
1302472234 33100
1302474716 33100
1302479744 33099
1302483815 33111
1302485507 33117
1302485799 33117
1302493723 33141
1302493762 33141
1302539818 33143
1302544369 33149
1302575599 33150
1302618890 33152
1302626150 33154
1302628057 33157
1302628864 33159
1302631279 33165
1302631805 33165
1302637071 33176
1302637273 33178
1302648785 33064
1302657434 33117
1302657480 33117
1302664390 33119
1302716941 33119
1302716952 33119
1302716967 33170
1302716996 33182
1302718018 33182
1302721563 33207
1302722247 33263
1302725293 33260
1302725839 33260
1302728176 33262
1302738584 33266
1302748069 33266
1303097481 33270
1303261229 33284
1303261259 33284
1303262030 33293
1303324719 33297
1303328114 33303
1303328612 33303
1303328985 35455
1303330171 35455
1303332588 35455
1303333191 35459
1303333322 35462
1303334405 35462
1303334907 35464
1303335047 35464
1303335424 35469
1303336012 35470
1303336142 35470
1303338257 35842
1303345710 35852
1303346261 35856
1303348662 35880
1303350534 35880
1303350583 35880
1303356036 35880
1303393084 35880
1303423364 35885
1303514326 35887
1303572538 35895
1303572858 35897
1303610391 35905
1303653016 35905
1303671168 35926
1303681115 35930
1303686177 35936
1303827763 35940
1303830213 35948
1303830292 35947
1303838542 35982
1303842143 36002
1303848420 36002
1303855760 36049
1303938429 36050
1303940908 36066
1304006981 36066
1304007001 36066
1304007187 36066
1304007305 36066
1304026251 36065
1304027745 36074
1304027849 36072
1304034918 36073
1304036374 36075
1304041910 36100
1304045507 36100
1304103690 36100
1304114378 36099
1304116477 36101
1304129744 36101
1304130430 36076
1304130445 36191
1304133040 36191
1304133249 36191
1304133955 36191
1304175046 36198
1304217511 36206
1304218218 36213
1304218625 36205
1304221062 36222
1304258872 36223
1304262604 36223
1304262789 36223
1304277063 36231
1304281038 36231
1304281099 36231
1304302378 36234
1304347518 36234
1304347998 36234
1304351622 36234
1304351798 36234
1304352001 36234
1304352090 36234
1304352349 36233
1304352423 36231
1304353032 36231
1304353124 36231
1304353287 36231
1304353441 36231
1304353925 36231
1304354193 36231
1304355080 36230
1304355242 36230
1304355581 36230
1304355654 36230
1304355713 36230
1304355939 36230
1304356059 36230
1304359005 36230
1304359606 36229
1304378188 36229
1304379371 36229
1304390994 36317
1304392434 36317
1304392480 36317
1304458128 36318
1304458662 36328
1304462421 36328
1304462442 36329
1304468830 36329
1304470361 36329
1304474453 36331
1304522015 36342
1304532127 36349
1304545579 36349
1304549513 36429
1304549813 36429
1304550702 36429
1304552294 36429
1304552803 36432
1304606216 36432
1304617853 36432
1304632901 36432
1304703293 36436
1304708921 36437
1304708929 36460
1304711022 36464
1304813942 36482
1304815497 36484
1304816115 36484
1304817310 36492
1304817798 36492
1304818043 36494
1304865774 36498
1304871705 36498
1304871893 36496
1304872447 36496
1304872522 36509
1304878751 36513
1304886403 36521
1304888002 36521
1304891297 36521
1304891326 36521
1304895323 36534
1304895817 36536
1304901747 36538
1304902546 36544
1304908713 36548
1304956930 36553
1304958171 36569
1304960750 36569
1305000465 36569
1305043091 36570
1305043429 36573
1305046588 36574
1305046891 36574
1305059747 36575
1305059789 36574
1305066946 36576
1305069754 36584
1305070090 36585
1305136825 36588
1305141241 36600
1305149623 36602
1305151507 36609
1305152318 36609
1305218178 36611
1305245534 36611
1305317905 36611
1305330776 36606
1305332618 36608
1305344386 36609
1305417191 36643
1305503592 36643
1305503660 36644
1305503684 36695
1305503705 36695
1305505107 36696
1305575278 36696
1305575297 36703
1305575315 36846
1305656351 36846
1305662817 36846
1305662829 36858
1305662859 36858
1305670191 36864
1305671188 36868
1305672649 36869
1305867209 36868
1305910294 36869
1306027934 36879
1306094069 36956
1306094119 36956
1306094129 36956
1306096159 36957
1306111072 36957
1306111085 36987
1306111115 36987
1306168321 36986
1306169191 36985
1306178461 36985
1306179358 36985
1306184608 36986
1306184640 36992
1306185587 36998
1306186608 37005
1306186613 37004
1306186632 37002
1306186649 37001
1306187255 37001
1306188307 37030
1306189722 37030
1306189737 37030
1306199168 37030
1306260572 37111
1306260963 37111
1306261165 37111
1306264677 37112
1306264863 37112
1306266594 37113
1306266713 37115
1306268392 37118
1306268419 37120
1306268472 37120
1306268503 37120
1306268526 37120
1306268542 37178
1306268554 37179
1306272901 37185
1306273167 37187
1306287429 37187
1306287469 37189
1306288609 37310
1306341497 37309
1306345831 37321
1306345908 37323
1306345937 37339
1306506837 37339
1306531998 37446
1306532441 37450
1306532465 37450
1306532591 37450
1306532700 37450
1306532736 37451
1307391025 37454
1307395595 37454
1307395611 37455
1307395658 37457
1307395674 37459
1307395959 38244
1307399072 38245
1307399129 38246
1307399591 38253
1307402503 38254
1307403490 38253
1307403641 38254
1307406431 38260
1307407251 38267
1307407500 38312
1307409153 38312
1307418751 38313
1307418771 38312
1307456985 38312
1307457179 38318
1307458578 38327
1307459392 38328
1307460742 38338
1307461074 38340
1307461529 38340
1307466836 38342
1307468993 38342
1307479902 38358
1307480471 38361
1307480498 38364
1307488788 38416
1307488846 38417
1307488856 38419
1307502154 38434
1307504818 38438
1307562918 38442
1307575151 38443
1307576208 38444
1307576716 38453
1307578331 38454
1307631530 38455
1307633712 38460
1307736975 38513
1307737056 38514
1307737086 38485
1307745967 38516
1307746927 38454
1307747038 38454
1307747065 38458
1307758303 38458
1307758391 38459
1307758445 38469
1307758484 38487
1307758554 38487
1307758647 38487
1307764702 38509
1308067981 38511
1308070393 38510
1308070442 38512
1308076803 38520
1308077578 38534
1308077737 38533
1308085981 38533
1308086009 38533
1308106404 38548
1308106484 38552
1308106492 38556
1308106501 38559
1308153074 38559
1308153976 38577
1308154414 38577
1308154795 38719
1308156761 38721
1308156915 38721
1308159429 38721
1308160584 38722
1308161277 38724
1308166580 38750
1308172685 38753
1308241071 38761
1308241097 38770
1308241115 38779
1308247711 38782
1308248333 38816
1308255914 38830
1308256277 38830
1308257786 38832
1308318801 38833
1308321384 38833
1308501331 38845
1308505150 38851
1308509560 38871
1308512730 38882
1308524091 38882
1308527703 38887
1308533464 38918
1308537098 38918
1308583571 38919
1308593347 38923
1308593358 38922
1308619340 39215
1308674600 39218
1308674898 39237
1308675148 39238
1308675512 39238
1308675812 39238
1308675890 39239
1308683736 39239
1308684379 39239
1308708577 39237
1308709132 39261
1308709172 39264
1308709210 39264
1308709236 39264
1308709274 39302
1308761399 39306
1308798810 39305
1308798990 39306
1308799013 39306
1308799034 39308
1308799085 39142
1308852475 39123
1308852601 39123
1308852805 39124
1308854041 39123
1308863656 39123
1308863676 39131
1308863721 39140
1308863734 39149
1308863770 39148
1308863820 39176
1308863846 39190
1308863935 39213
1308875383 39217
1308887616 39221
1308928961 39230
1308965704 39239
1308965729 39260
1308965784 39260
1308965843 39260
1308965903 39263
1308965925 39268
1308965937 39280
1308965947 39280
1308965999 39279
1308966021 39287
1308966049 39287
1308966101 39289
1308966607 39295
1309124086 39295
1309124097 39295
1309124134 39295
1309124157 39296
1309124165 39296
1309200902 39297
1309213552 39298
1309279403 39298
1309279409 39298
1309279430 39299
1309279442 39304
1309279456 39312
1309279491 39322
1309279535 39345
1309279559 39357
1309279574 39357
1309279588 39465
1309282081 39465
1309300572 39535
1309300604 39549
1309300625 39554
1309300644 39556
1309300655 39558
1309300697 39558
1309300704 39558
1309376268 39572
1309386555 39583
1309393611 39584
1309393626 39609
1309393666 39611
1309393686 39618
1309393703 39618
1309397038 39620
1309398781 39624
1309449870 39633
1309475417 39640
1309475436 39640
1309475457 39646
1309475486 39646
1309479217 39735
1309571527 39735
1309571536 39741
1309571578 39746
1309571594 39759
1309571609 39760
1309571644 39808
1309617757 39835
1309730938 39837
1309802437 39852
1309818020 39851
1309818036 39851
1309818062 39857
1309818087 39861
1309818112 39872
1309818127 39911
1309818151 39915
1309818187 39915
1309818206 39916
1309818236 39916
1309818252 39951
1309818302 39951
1309818526 39973
1309824411 39988
1309826299 39999
1309898500 40001
1309903064 40002
1309903083 40005
1309903102 40005
1309903116 40011
1309903138 40017
1309903169 40035
1309903213 40035
1309962516 40035
1309962550 40086
1309969121 40116
1310004935 40123
1310004973 40125
1310004994 40129
1310059500 40148
1310059513 40154
1310061532 40154
1310072953 40168
1310073103 40181
1310103648 40204
1310104722 40201
1310108032 40203
1310109574 40213
1310245131 40217
1310348880 40221
1310348897 40225
1310348913 40225
1310348945 40236
1310348972 40237
1310348985 40370
1310349012 40372
1310349049 40404
1310349077 40408
1310349089 40433
1310411496 40447
1310415520 40456
1310423030 40455
1310425120 40455
1310433592 40501
1310433622 40521
1310497023 40521
1310497027 40521
1310499205 40523
1310499254 40531
1310507457 40539
1310510965 40568
1310513430 40568
1310513606 40576
1310517822 40584
1310522475 40586
1310570447 40586
1310601465 40605
1310611685 40605
1310670948 40605
1310681716 40633
1310684007 40634
1310689921 40642
1310695708 40654
1310695821 40654
1310729491 40749
1310867748 40754
1310871331 40769
1310932925 40769
1310938810 40771
1310938824 40773
1310943722 40773
1310946744 40777
1310952157 40777
1310953088 40793
1310959440 40793
1311012575 41263
1311013485 41263
1311023490 41261
1311023718 41260
1311023733 41268
1311025016 41267
1311092745 41269
1311095296 41284
1311095332 41284
1311095381 41290
1311095384 41292
1311114836 41297
1311189982 41298
1311189990 41298
1311200732 41299
1311200754 41299
1311382167 41302
1311382176 41303
1311382186 41305
1311382211 41304
1311382213 41304
1311382292 41304
1311382307 41315
1311382333 41321
1311382342 41323
1311382350 41326
1311382356 41326
1311382415 41326
1311382437 41328
1311382445 41332
1311382495 41334
1311382507 41338
1311382523 41342
1311433845 41343
1311480355 41362
1311482794 41398
1311482828 41400
1311498083 41468
1311500499 41474
1311512805 41478
1311512840 41478
1311512854 41478
1311512963 41490
1311513622 41497
1311530001 41503
1311531628 41507
1311535094 41507
1311535663 41507
1311552745 41545
1311561306 41545
1311563800 41545
1311563809 41554
1311620783 41555
1311624603 41556
1311640281 41556
1311648350 41556
1311648394 41566
1311648402 41569
1311648415 41569
1311648462 41573
1311715709 41577
1311715905 41580
1311715931 41580
1311715955 41580
1311715977 41580
1311715990 41591
1311784724 41592
1311875980 41592
1311875991 41596
1311876006 41596
1311876017 41614
1311904304 41622
1311904313 41622
1311904321 41650
1311904339 41656
1311904358 41657
1311905481 41659
1311949259 41663
1311964332 41663
1311964334 41666
1311996824 41670
1311996827 41672
1312136700 41672
1312174523 41672
1312174533 41676
1312174545 41680
1312175064 41756
1312175110 41756
1312181889 41768
1312182783 41780
1312182861 41793
1312185540 41797
1312185551 41803
1312204349 41999
1312206143 41999
1312208596 41999
1312215054 42006
1312249189 42006
1312249241 42012
1312301404 42062
1312302539 42064
1312303409 42066
1312317991 42066
1312318007 42068
1312338986 42068
1312396104 42202
1312396112 42203
1312396129 42207
1312396188 42214
1312397287 42220
1312399343 42233
1312405874 42248
1312466318 42248
1312490065 42281
1312490090 42281
1312490121 42285
1312490142 42292
1312490160 42292
1312502683 42304
1312509267 42306
1312511586 42306
1312514616 42318
1312515798 42326
1312578267 42332
1312599018 42341
1312644567 42369
1312644573 42373
1312657609 42429
1312658178 42429
1312763869 42433
1312763977 42411
1312775612 42417
1312830270 42417
1312835544 42419
1312838755 42432
1312838804 42432
1312844247 42437
1312847171 42437
1312921165 42437
1312921185 43144
1312921216 43144
1312940041 43182
1312940840 43182
1312942546 43182
1312944062 43184
1312944372 43194
1312948597 43194
1313005571 43198
1313023063 43206
1313024206 43206
1313024235 43206
1313024255 43220
1313024272 43267
1313027464 43267
1313086451 43267
1313117038 43345
1313117054 43345
1313175471 43328
1313252244 43330
1313252255 43330
1313256288 43332
1313277476 43334
1313277500 43336
1313277533 43338
1313278031 43361
1313278054 43362
1313279948 43374
1313291568 43388
1313291574 43421
1313291585 43421
1313291595 43430
1313334258 43436
1313337495 43436
1313338948 43523
1313339086 43436
1313348642 43444
1313349377 43444
1313353496 43466
1313360259 43472
1313365256 43475
1313369400 43477
1313371934 43478
1313373550 43478
1313433127 43478
1313437209 43474
1313437237 43499
1313438290 43499
1313441748 43501
1313453256 43503
1313453763 43568
1313454626 43581
1313455008 43581
1313530751 43581
1313530756 43615
1313549083 43617
1313604894 43625
1313606036 43630
1313609335 43631
1313609357 43630
1313611533 43648
1313613965 43655
1313635844 43654
1313636245 43655
1313680721 43656
1313688174 43662
1313778516 43663
1313778549 43663
1313778570 43663
1313780772 43663
1313813828 43667
1313856466 43707
1313879728 43717
1313885726 43721
1313886210 43721
1313890280 43720
1313890445 43720
1313892849 43726
1313940365 43726
1313940383 43730
1313963475 43733
1313963501 43735
1313968368 43739
1313977237 43791
1313986141 43790
1313986253 43931
1313986264 44130
1313986297 44132
1313986333 44179
1314024867 44185
1314024941 44185
1314028520 44196
1314052125 44204
1314115887 44204
1314116893 44206
1314118301 44206
1314118815 44213
1314120973 44215
1314129539 44247
1314129558 44251
1314129603 44276
1314129733 44321
1314129772 44322
1314135870 44328
1314137826 44326
1314225276 44330
1314240633 44330
1314278764 44331
1314297595 44331
1314298412 44333
1314298414 44333
1314310576 44332
1314329028 44331
1314389694 44337
1314402683 44336
1314462062 44345
1314462108 44345
1314462154 44349
1314474771 44351
1314476472 44353
1314476483 44355
1314476517 44355
1314476535 44406
1314476598 44420
1314478338 44419
1314484305 44423
1314546640 44423
1314566441 44419
1314573913 44446
1314573925 44450
1314633484 44450
1314633495 44450
1314633509 44452
1314654759 45792
1314657877 45808
1314761840 45808
1314761860 45811
1314761875 45814
1314761915 45814
1314761931 45824
1314761955 45826
1314761970 45821
1314761999 45825
1314762023 45826
1314817276 45830
1314819190 45906
1314842346 45918
1314895451 45919
1314980742 45928
1314984798 45930
1314985178 45934
1315002004 45952
1315004058 45995
1315015798 46005
1315017093 46006
1315105634 46012
1315155278 46029
1315157024 46029
1315165419 46029
1315165457 46029
1315170760 46080
1315177129 46084
1315249218 46088
1315323460 46089
1315329129 46101
1315329184 46103
1315329419 46103
1315329436 46107
1315329506 46118
1315329566 46118
1315329683 46119
1315329734 46122
1315346315 46137
1315346340 46151
1315346372 46155
1315346392 46163
1315352217 46166
1315352231 46168
1315414369 46168
1315443919 46169
1315443941 46177
1315443965 46189
1315443993 46216
1315444067 46219
1315491758 46222
1315496824 46222
1315496835 46234
1315498042 46234
1315499211 46286
1315503578 46291
1315513471 46306
1315538019 46306
1315538086 46310
1315583187 46306
1315603100 46324
1315603122 46328
1315611196 46328
1315617461 46336
1315617482 46342
1315617512 46347
1315617547 46379
1315682905 46434
1315684086 46434
1315776293 46435
1315776311 46434
1315802965 46435
1315802981 46439
1315802994 46460
1315847127 46503
1315861829 46722
1315861887 46722
1315874054 46827
1315926771 46851
1315928442 46854
1315931568 46859
1316015695 46859
1316015754 46862
1316015771 46869
1316015805 46869
1316017302 46989
1316017310 47051
1316017407 47051
1316017508 47051
1316041306 47066
1316041321 47074
1316041356 47124
1316041395 47149
1316041415 47181
1316041638 47209
1316045681 47210
1316047633 47217
1316052516 47219
1316054955 47219
1316054993 47220
1316055010 47219
1316057468 47238
1316058188 47249
1316058227 47250
1316070661 47284
1316096230 47288
1316096240 47296
1316111202 47313
1316111213 47330
1316308969 47332
1316308984 47332
1316308995 47332
1316309035 47363
1316309197 47363
1316382631 47367
1316382651 47591
1316460655 47623
1316463475 47629
1316468923 47635
1316470264 47639
1316481863 47681
1316527984 47687
1316538742 47693
1316538759 47710
1316543344 47710
1316546385 47719
1316557272 47719
1316574875 47723
1316634905 47723
1316634934 47729
1316648120 47753
1316651901 47753
1316708871 47754
1316708893 47762
1316708909 47762
1316708929 47762
1316708949 47774
1316717757 47776
1316738383 47797
1316738399 47797
1316738415 47800
1316738451 47802
1316738472 47804
1316745140 47888
1316746449 47891
1316746464 47901
1316788596 47901
1316802066 47901
1316807714 47902
1316892836 47901
1316901114 47901
1316901123 47913
1316901159 47921
1316901176 47957
1316901653 47968
1316917679 47972
1316965893 47972
1316978558 47982
1317067215 47982
1317070865 47982
1317070889 47986
1317077136 48053
1317090867 48089
1317131328 48091
1317144574 48091
1317145115 48097
1317248510 48095
1317322310 48126
1317322324 48138
1317322352 48144
1317327852 48151
1317405657 48154
1317407635 48159
1317413919 48160
1317423557 48160
1317423570 48165
1317425264 48165
1317425276 48167
1317425341 48184
1317425396 48184
1317425429 48215
1317425469 48219
1317428286 48225
1317483790 48229
1317484842 48239
1317484859 48240
1317484870 48240
1317484882 48402
1317484907 48405
1317484917 48405
1317484925 48405
1317484938 48405
1317484956 48405
1317484970 48705
1317485460 48711
1317489634 48725
1317502874 48727
1317522463 48728
1317523475 48728
1317523877 48729
1317573349 48729
1317586738 48738
1317586752 48745
1317598843 48745
1317655709 48746
1317664222 48746
1317664338 48750
1317668226 48750
1317670043 49428
1317691591 49435
1317749961 49435
1317758991 49440
1317777145 49440
1317779572 49451
1317779609 49452
1317833062 49463
1317839243 49463
1317851520 49548
1317851707 49549
1317851749 49552
1317851759 49559
1317851789 49575
1317934904 49577
1317936314 49577
1317939746 49577
1318016647 49578
1318016792 49583
1318021319 49590
1318025991 49714
1318036580 49714
1318089216 49714
1318090011 49715
1318093838 49715
1318113414 49733
1318178103 49734
1318178143 49733
1318178187 49733
1318193727 49759
1318193752 49759
1318209900 49765
1318210792 49770
1318212000 49772
1318215665 49894
1318254175 49888
1318257729 49888
1318265750 49883
1318265767 49907
1318265834 49907
1318267156 49911
1318267183 49921
1318267190 49923
1318281690 49926
1318282482 49926
1318282795 49926
1318284102 49930
1318284878 49933
1318284890 49939
1318287119 49951
1318363923 49953
1318364256 49957
1318366803 49959
1318376517 49959
1318376546 49959
1318376950 49983
1318382752 49984
1318385484 50011
1318444665 50029
1318446350 50037
1318462238 50037
1318462255 50069
1318462276 50069
1318462291 50071
1318531494 50129
1318540310 50128
1318547970 50130
1318551195 50130
1318610816 50160
1318626172 50164
1318626193 50168
1318720934 50187
1318721907 50188
1318722025 50187
1318729501 50211
1318864840 50215
1318874023 50233
1318948829 50241
1318950953 50301
1318957415 50301
1318957472 50301
1318957874 50309
1318957881 50315
1318974953 50317
1318974990 50314
1318982227 50314
1318982812 50315
1318985788 50317
1319033569 50329
1319038138 50358
1319046257 50362
1319047403 50367
1319050883 50385
1319052869 50387
1319079260 50403
1319079274 50403
1319079290 50403
1319082061 50404
1319082214 50403
1319083555 50404
1319086114 50403
1319087378 50407
1319089381 50406
1319093495 50405
1319131023 50424
1319131056 50424
1319135365 50422
1319223145 50422
1319334630 50426
1319334644 50426
1319334661 50428
1319334945 50430
1319390199 50429
1319402705 50448
1319402732 50453
1319402740 50453
1319412653 50455
1319512983 50456
1319513083 50455
1319556484 50456
1319565986 50457
1319573690 50461
1319573719 50465
1319576212 50465
1319580532 50467
1319580566 50467
1319594475 50466
1319598119 50472
1319604854 50476
1319605239 50484
1319610604 50483
1319617988 50484
1319645961 50501
1319667980 50521
1319668006 50522
1319668027 50527
1319743773 50529
1319821999 50535
1319822032 50541
1319822042 50542
1319822066 50541
1319822677 50542
1319822694 50541
1319837128 50548
1319849071 50547
1319925109 50547
1319932954 50548
1319932970 50557
1320089912 50580
1320179355 50750
1320179361 50750
1320179369 50750
1320179376 50750
1320179381 50750
1320179393 50750
1320179404 50750
1320179413 50750
1320179431 50750
1320179441 50750
1320179458 50754
1320179478 50754
1320179486 50755
1320179499 50822
1320179538 50822
1320179690 50822
1320179701 50822
1320179706 50822
1320179715 50820
1320179720 50820
1320179729 50820
1320179737 50820
1320179748 50820
1320179760 50821
1320179770 50821
1320179785 50821
1320179794 50820
1320179802 50820
1320179815 50825
1320179826 50825
1320180237 50825
1320199338 50826
1320199414 50825
1320273393 50827
1320273409 50831
1320273427 50829
1320274651 50843
1320343861 50844
1320343901 50843
1320343918 50854
1320343937 50854
1320440871 50860
1320444399 50864
1320453559 50864
1320511278 50892
1320516535 50892
1320517178 50893
1320522635 50894
1320522664 50893
1320538112 50918
1320555430 50919
1320555479 50918
1320578999 50921
1320627231 50925
1320627586 50953
1320628075 50954
1320629477 50954
1320629895 51033
1320630486 51039
1320697401 51039
1320792329 51043
1320792353 51045
1320856862 51044
1320857226 51048
1320857235 51051
1320877419 51079
1320877425 51079
1320877438 51079
1320878074 51192
1320878099 51192
1320879821 51192
1320880744 51204
1320960485 51208
1320963360 51212
1320963377 51212
1320979240 51377
1320983656 51376
1321031561 51376
1321049541 51375
1321054628 51376
1321058465 51377
1321059046 51395
1321060865 51394
1321060910 51429
1321127675 51428
1321133011 51427
1321210341 51426
1321210368 51427
1321210384 51433
1321212957 51441
1321213170 51451
1321225728 51483
1321250783 51584
1321256490 51584
1321302361 52713
1321302399 52715
1321325330 52732
1321330066 52785
1321417952 52786
1321467526 52786
1321467540 52787
1321470470 52800
1321480842 52802
1321491207 52808
1321491961 52808
1321542781 52809
1321542808 52808
1321543313 52809
1321547781 52809
1321549324 52815
1321569868 52815
1321571248 52839
1321585594 52840
1321631173 52841
1321631206 52840
1321653950 52840
1321667945 52841
1321744604 52815
1321799056 52814
1321817360 52854
1321822016 52853
1321822049 52851
1321822529 53035
1321889241 53036
1321889287 53035
1321900078 53034
1321906494 53023
1321908936 53023
1321999230 53025
1322002580 53025
1322064695 53033
1322067260 53033
1322098107 53041
1322104080 53069
1322104925 53069
1322168203 53071
1322168700 53072
1322168745 53071
1322183285 53094
1322183619 53131
1322186815 53130
1322244745 53134
1322249840 53136
1322251856 53135
1322270260 53139
1322270298 53140
1322271674 53140
1322271711 53141
1322278816 53139
1322289825 53151
1322295725 53151
1322295741 53151
1322295766 53151
1322300641 53169
1322306828 53167
1322308293 53247
1322331564 53246
1322332048 53248
1322332057 53248
1322349079 53315
1322349129 53315
1322349148 53314
1322356865 53337
1322359032 53333
1322359394 53341
1322420043 53349
1322441901 53349
1322441916 53349
1322448718 53350
1322448759 53349
1322501933 53350
1322501956 53350
1322501983 53362
1322502008 53364
1322509016 53365
1322509029 53372
1322520094 53372
1322533919 53373
1322603687 53371
1322629543 53424
1322663032 53425
1322663052 53425
1322669891 53429
1322673847 53430
1322681899 53430
1322702856 53433
1322761274 53452
1322761282 53452
1322764117 53452
1322764158 53452
1322764171 53452
1322764184 53452
1322764224 53453
1322764232 53453
1322773797 53453
1322840702 53452
1322841413 53452
1322850884 53453
1322850900 53452
1322852212 53452
1322852224 53457
1322852646 53463
1322853504 53463
1322858562 53463
1322859799 53466
1322859813 53466
1322860064 53466
1322877875 53468
1322882111 53468
1322883753 53468
1322925948 53468
1322946686 53465
1322946926 53465
1322946933 53465
1322946939 53465
1322946951 53465
1322946967 53465
1322946981 53467
1322970215 53473
1322970230 53473
1322996716 53487
1322998508 53488
1322998516 53572
1322998523 53581
1322998549 53623
1323035727 53624
1323046655 53624
1323101975 53624
1323285204 53624
1323285222 53624
1323285237 53626
1323285247 53630
1323285275 53638
1323285296 53638
1323285323 53639
1323285349 53640
1323358548 53642
1323383098 53643
1323386061 53645
1323386073 53645
1323386103 53647
1323387714 53647
1323398077 53647
1323455841 53647
1323460837 53648
1323463357 53648
1323465859 53654
1323546778 53665
1323546809 53668
1323546831 53676
1323546838 53721
1323549116 53732
1323561125 53748
1323561511 53747
1323570993 53747
1323571312 53783
1323586699 53988
1323586837 53988
1323657126 53986
1323717418 53990
1323732385 53992
1323738565 53999
1323750952 53999
1323800308 54000
1323840562 54003
1323877979 54011
1323878007 54014
1323878256 54015
1323878280 54015
1323878325 54015
1323878365 54015
1323878432 54019
1323883984 54032
1323895388 54046
1323901920 54061
1323905832 54073
1324065293 54073
1324065498 54076
1324065576 54076
1324065586 54082
1324065672 54593
1324075307 54596
1324153486 54596
1324153584 54594
1324153611 54593
1324230460 54593
1324230489 54593
1324235246 54624
1324247130 54629
1324257179 54630
1324259552 54631
1324259613 54630
1324260281 54636
1324262289 54632
1324306332 54632
1324313477 54634
1324354072 54609
1324354183 54611
1324354464 54612
1324354869 54612
1324409878 54611
1324416297 54703
1324423005 54711
1324436206 55677
1324486309 55680
1324524786 55697
1324525801 55699
1324525811 55701
1324525842 55701
1324525868 55702
1324525884 55706
1324526837 55835
1324528057 55835
1324574629 55835
1324575155 55836
1324575180 55836
1324577248 55838
1324589313 55838
1324590071 55838
1324590082 55840
1324665954 55840
1324666170 55879
1324670051 55914
1324670274 55914
1324673848 55917
1324676665 55919
1324687129 55923
1324688949 55925
1324691960 55951
1324692461 55950
1324692491 56448
1324692504 56448
1324745486 56447
1324745516 56458
1324745596 56458
1324767688 56571
1324831290 56569
1324831303 56574
1324844563 56583
1324844580 56664
1324845160 56664
1324848424 57688
1324920184 57688
1324920191 57688
1324920259 57689
1324925578 57690
1324925628 57689
1324929161 57698
1324929170 57698
1324955678 57702
1324958740 57702
1325038978 57703
1325039010 57702
1325095310 57701
1325175298 57700
1325351841 57701
1325351879 57700
1325450011 57701
1325450033 57715
1325450058 57715
1325450176 57717
1325450336 57717
1325450426 57717
1325450555 57717
1325450843 57721
1325450868 60837
1325450917 60839
1325465223 60839
1325472370 60839
1325478780 60855
1325533896 60869
1325547161 60871
1325547197 60871
